79951884956
79951885182
79951885182
79951885234
79951885349
79951885424
79951885451
79951885462
79951885713
79951885713
79951885797
79951885797
79951885824
79951885865
79951886147
79951886269
79951886303
79951886419
79951886498
79951886575
79951886590
79951886747
79951886792
79951886806
79951886806
79951886894
79951886979
79951887061
79951887102
79951887160
79951887177
79951887178
79951887346
79951887535
79951887563
79951887682
79951887813
79951887821
79951887858
79951888298
79951888323
79951888804
79951888851
79951888851
79951889343
79951889511
79951889574
79951889702
79951889702
79951889846
79951890204
79951890209
79951890279
79951890412
79951890423
79951890425
79951890539
79951890585
79951890636
79951890806
79951890841
79951890843
79951890911
79951890960
79951890963
79951890991
79951891050
79951891257
79951891281
79951891483
79951891690
79951891703
79951891706
79951891789
79951891900
79951891985
79951891990
79951892110
79951892126
79951892238
79951892329
79951892335
79951892349
79951892386
79951892608
79951892679
79951892728
79951892829
79951892829
79951892947
79951893068
79951893122
79951893160
79951893384
79951893456
79951893554
79951893579
79951893596
79951893876
79951893943
79951893956
79951893976
79951894027
79951894038
79951894038
79951894280
79951894305
79951894450
79951894454
79951894480
79951894552
79951894570
79951894633
79951894633
79951894649
79951894880
79951894971
79951894992
79951895029
79951895029
79951895045
79951895056
79951895098
79951895147
79951895168
79951895247
79951895370
79951895585
79951895647
79951895702
79951895738
79951895832
79951895832
79951895853
79951895853
79951895971
79951895971
79951896080
79951896090
79951896152
79951896152
79951896260
79951896380
79951896380
79951896420
79951896437
79951896465
79951896465
79951896632
79951896686
79951896761
79951896784
79951896858
79951896858
79951896916
79951897022
79951897131
79951897433
79951897471
79951897536
79951897536
79951897701
79951897789
79951897889
79951897932
79951897965
79951897972
79951898031
79951898092
79951898143
79951898182
79951898194
79951898204
79951898223
79951898288
79951898514
79951898577
79951898710
79951898710
79951898770
79951898810
79951898856
79951898890
79951898995
79951899091
79951899159
79951899159
79951899159
79951899394
79951899518
79951899607
79951899835
79951900178
79951900186
79951900232
79951900237
79951900275
79951900275
79951900360
79951900369
79951900386
79951900390
79951900390
79951900438
79951900438
79951900478
79951900510
79951900600
79951900630
79951900638
79951900638
79951900638
79951900641
79951900676
7 (995) 190
79951900828
79951900830
79951900847
79951901029
79951901082
79951901082
79951901110
79951901219
79951901232
79951901312
79951901326
79951901442
79951901500
79951901500
79951901514
79951901568
79951901568
79951901705
79951901818
79951901890
79951901932
79951901970
79951902040
79951902073
79951902108
79951902385
79951902875
79951902975
79951903002
79951903002
79951903027
79951903094
79951903121
79951903139
79951903153
79951903242
79951903409
79951903593
79951903869
79951903903
79951903907
79951903918
79951904005
79951904028
79951904042
79951904200
79951904206
79951904428
79951904458
79951904575
79951904643
79951904710
79951904761
79951904782
79951904788
79951904792
79951904818
79951904844
79951905231
79951905261
79951905408
79951905470
79951905547
79951905600
79951905600
79951905647
79951905682
79951905717
79951905754
79951905779
79951905850
79951906026
79951906138
79951906177
79951906177
79951906182
79951906183
79951906194
79951906340
79951906420
79951906423
79951906491
79951906493
79951906505
79951906513
79951906542
79951906809
79951907043
79951907063
79951907092
79951907135
79951907160
79951907216
79951907299
79951907299
79951907308
79951907329
79951907449
79951907585
79951907647
79951907676
79951907740
79951907852
79951907920
79951907925
79951907925
79951908145
79951908193
79951908584
79951908584
79951908625
79951908652
79951908734
79951908753
79951908842
79951908845
79951908947
79951908990
79951909140
79951909172
79951909363
79951909428
79951909509
79951909545
79951909703
79951909916
79951909953
79951910040
79951910128
79951910186
79951910199
79951910307
79951910369
79951910520
79951910520
79951910602
79951910614
79951910699
79951910700
79951910760
79951910760
79951910979
79951911070
79951911263
79951911263
79951911272
79951911272
79951911272
79951911405
79951911585
79951911652
79951911795
79951911840
79951911846
79951911933
79951912018
79951912070
79951912103
79951912405
79951912533
79951912540
79951912550
79951912757
79951912901
79951913126
79951913126
79951913226
79951913271
79951913717
79951913717
79951913847
79951913876
79951914035
79951914094
79951914252
79951914255
79951914284
79951914353
79951914360
79951914450
79951914493
79951914527
79951914537
79951914541
79951914594
79951914683
79951914731
79951914780
79951914844
79951914882
79951914882
79951914983
79951915090
79951915120
79951915311
79951915323
79951915350
79951915446
79951915457
79951915459
79951915546
79951915546
79951915686
79951915727
79951915760
79951915927
79951915934
79951916064
79951916141
79951916391
79951916469
79951916557
79951916593
79951916709
79951916731
79951916745
79951916899
79951916905
79951916929
79951916957
79951917019
79951917062
79951917072
79951917098
79951917098
79951917207
79951917219
79951917273
79951917327
79951917327
79951917400
79951917400
79951917496
79951917549
79951917553
79951917757
79951917757
79951917863
79951918021
79951918062
79951918062
79951918095
79951918298
79951918361
79951918468
79951918468
79951918553
79951918707
79951918825
79951918966
79951919101
79951919169
79951919217
79951919319
79951919319
79951919319
79951919711
79951919909
79951919909
79951919910
79951919921
79951919932
79951919935
79951919971
79951919991
79951919991
79951920015
79951920015
79951920074
79951920095
79951920103
79951920202
79951920315
79951920341
79951920353
79951920353
79951920370
79951920373
79951920389
79951920456
79951920531
79951920532
79951920582
79951920620
79951920621
79951920650
79951920693
79951920700
79951920726
79951920907
79951920919
79951920939
79951921084
79951921086
79951921181
79951921346
79951921400
79951921445
79951921534
79951921534
79951921546
79951921556
79951921568
79951921828
79951921828
79951921872
79951921936
79951921950
79951921952
79951921969
79951921993
79951921993
79951922047
79951922174
79951922174
79951922383
79951922561
79951922597
79951922631
79951922635
79951922725
79951923002
79951923060
79951923217
79951923217
79951923308
79951923326
79951923364
79951923406
79951923557
79951923569
79951923586
79951923614
79951923619
79951923645
79951923832
79951923837
79951923841
79951923882
79951923893
79951923894
79951923894
79951923980
79951923988
79951924034
79951924036
79951924106
79951924142
79951924142
79951924174
79951924186
79951924200
79951924231
79951924298
79951924317
79951924480
79951924592
79951924592
79951924621
79951924680
79951924839
79951924871
79951924949
79951924955
79951924972
79951925028
79951925028
79951925066
79951925324
79951925391
79951925414
79951925416
79951925522
79951925531
79951925595
79951925698
79951925805
79951925849
79951925871
79951925881
79951926042
79951926117
79951926175
79951926202
79951926249
79951926274
79951926274
79951926328
79951926423
79951926546
79951926624
79951926728
79951926815
79951926862
79951927037
79951927206
79951927226
79951927226
79951927272
79951927414
79951927505
79951927616
79951927699
79951927723
79951927765
79951927785
79951927785
79951927856
79951927937
79951927963
79951927964
79951928011
79951928014
79951928014
79951928070
79951928271
79951928460
79951928563
79951928605
79951928611
79951928678
79951928718
79951928818
79951928891
79951928896
79951929069
79951929132
79951929222
79951929639
79951929994
79951930153
79951930183
79951930188
79951930209
79951930297
79951930372
79951930372
79951930372
79951930402
79951930464
79951930464
79951930479
79951930566
79951930566
79951930590
79951930590
79951930605
79951930623
79951930709
79951930844
79951930919
79951930949
79951930967
79951930967
79951930975
79951931011
79951931068
79951931218
79951931257
79951931360
79951931449
79951931449
79951931577
79951931674
79951931784
79951931801
79951931814
79951931873
79951931965
79951931965
79951932033
79951932163
79951932272
79951932275
79951932346
79951932406
79951932477
79951932617
79951932635
79951932743
79951932743
79951932766
79951932766
79951932815
79951932931
79951932969
79951933025
79951933148
79951933218
79951933243
79951933340
79951933489
79951933560
79951933991
79951934071
79951934093
79951934308
79951934332
79951934332
79951934561
79951934654
79951934658
79951934753
79951934930
79951935006
79951935031
79951935040
79951935191
79951935245
79951935305
79951935305
79951935354
79951935387
79951935510
79951935633
79951935651
79951935685
79951935685
79951935716
79951935716
79951935749
79951935753
79951935766
79951935909
79951935957
79951936051
79951936121
79951936153
79951936160
79951936397
79951936551
79951936598
79951936616
79951936666
79951936722
79951936877
79951936877
79951936877
79951936900
79951937074
79951937085
79951937228
79951937315
79951937343
79951937361
79951937427
79951937476
79951937519
79951937521
79951937542
79951937626
79951937710
79951937837
79951937938
79951937949
79951938147
79951938249
79951938398
79951938495
79951938743
79951938774
79951938818
79951938818
79951938836
79951938842
79951939014
79951939098
79951939165
79951939176
79951939211
79951939295
79951939295
79951939298
79951939468
79951939496
79951939563
79951939656
79951939855
79951940097
79951940307
79951940337
79951940337
79951940436
79951940454
79951940534
79951940599
79951940605
79951940663
79951940724
79951940896
79951941065
79951941103
79951941230
79951941230
79951941251
79951941302
79951941447
79951941532
79951941565
79951941648
79951941648
79951941722
79951941722
79951941726
79951941757
79951941789
79951941873
79951941883
79951942014
79951942059
79951942174
79951942213
79951942272
79951942291
79951942393
79951942496
79951942579
79951942624
79951942628
79951942684
79951942823
79951942933
79951942976
79951943026
79951943075
79951943120
79951943123
79951943174
79951943240
79951943278
79951943687
79951943793
79951943806
79951943897
79951944105
79951944245
79951944290
79951944597
79951944597
79951944731
79951945102
79951945295
79951945434
79951945460
79951945495
79951945517
79951945517
79951945723
79951945850
79951945903
79951945908
79951945920
79951946166
79951946358
79951946396
79951946496
79951946515
79951946550
79951946567
79951946650
79951946729
79951946782
79951946782
79951946783
79951946822
79951946822
79951946866
79951946912
79951946939
79951946962
79951947109
79951947184
79951947184
79951947199
79951947290
79951947290
79951947380
79951947476
79951947485
79951947529
79951947562
79951947593
79951947731
79951947751
79951947918
79951947918
79951947968
79951948029
79951948110
79951948144
79951948218
79951948221
79951948588
79951948591
79951948591
79951948700
79951948780
79951948952
79951948955
79951948962
79951949249
79951949539
79951949556
79951949672
79951949861
79951949954
79951950004
79951950049
79951950049
79951950077
79951950077
79951950151
79951950180
79951950188
79951950188
79951950240
79951950284
79951950302
79951950496
79951950522
79951950541
79951950558
79951950575
79951950655
79951950662
79951950685
79951950913
79951951036
79951951043
79951951440
79951951520
79951951556
79951951574
79951951590
79951951647
79951951809
79951951882
79951951900
79951952004
79951952011
79951952131
79951952131
79951952140
79951952145
79951952150
79951952162
79951952162
79951952300
79951952313
79951952313
79951952354
79951952395
79951952535
79951952599
79951952720
79951952814
79951952891
79951952981
79951953033
79951953040
79951953153
79951953171
79951953171
79951953318
79951953323
79951953395
79951953450
79951953512
79951953514
79951953536
79951953536
79951953549
79951953599
79951953608
79951953631
79951953719
79951953745
79951953759
79951953797
79951953833
79951953956
79951954109
79951954129
79951954129
79951954226
79951954244
79951954270
79951954270
79951954391
79951954415
79951954465
79951954519
79951954531
79951954589
79951954597
79951955013
79951955042
79951955054
79951955059
79951955074
79951955130
79951955142
79951955256
79951955276
79951955380
79951955380
79951955501
79951955501
79951955526
79951955527
79951955602
79951955806
79951955835
79951955853
79951955855
79951955855
79951955858
79951955926
79951955932
79951955932
79951955968
79951955989
79951956100
79951956165
79951956232
79951956278
79951956390
79951956440
79951956562
79951956687
79951956723
79951956795
79951956814
79951956863
79951956865
79951956889
79951956889
79951956898
79951956905
79951956925
79951956942
79951956948
79951956979
79951956996
79951957094
79951957163
79951957163
79951957177
79951957177
79951957204
79951957204
79951957267
79951957335
79951957371
79951957376
79951957378
79951957423
79951957495
79951957503
79951957569
79951957720
79951957782
79951957962
79951957973
79951958163
79951958163
79951958242
79951958408
79951958408
79951958423
79951958433
79951958505
79951958524
79951958524
79951958530
79951958556
79951958843
79951958939
79951958971
79951959059
79951959108
79951959155
79951959179
79951959230
79951959276
79951959363
79951959383
79951959383
79951959410
79951959441
79951959566
79951959571
79951959600
79951959610
79951959625
79951959715
79951959715
79951959808
79951959885
79951959920
79951959986
79951960010
79951960059
79951960135
79951960181
79951960181
79951960266
79951960321
79951960391
79951960417
79951960417
79951960600
79951960600
79951960727
79951960757
79951960800
79951960980
79951960981
79951961072
79951961076
79951961076
79951961084
79951961125
79951961145
79951961217
79951961226
79951961230
79951961234
79951961520
79951961626
79951961632
79951961801
79951961906
79951961926
79951962052
79951962109
79951962177
79951962177
79951962456
79951962456
79951962689
79951962758
79951962758
79951962974
79951963075
79951963108
79951963134
79951963231
79951963417
79951963484
79951963484
79951963550
79951963643
79951963767
79951963840
79951963989
79951964063
79951964109
79951964336
79951964388
79951964397
79951964679
79951964871
79951964876
79951965010
79951965051
79951965100
79951965100
79951965174
79951965218
79951965257
79951965366
79951965394
79951965487
79951965550
79951965711
79951965866
79951965883
79951965919
79951965998
79951966060
79951966061
79951966063
79951966065
79951966069
79951966212
79951966212
79951966219
79951966237
79951966270
79951966290
79951966439
79951966564
79951966762
79951966781
79951966862
79951966936
79951966958
79951966996
79951967004
79951967096
79951967140
79951967177
79951967260
79951967389
79951967517
79951967577
79951967732
79951967785
79951967840
79951968098
79951968171
79951968372
79951968398
79951968404
79951968454
79951968454
79951968695
79951968716
79951968744
79951968763
79951968842
79951968843
79951968843
79951968867
79951968878
79951969076
79951969173
79951969263
79951969299
79951969425
79951969434
79951969458
79951969458
79951969460
79951969501
79951969547
79951969748
79951969905
79951969934
79951970021
79951970121
79951970125
79951970207
79951970244
79951970244
79951970244
79951970439
79951970457
79951970474
79951970535
79951970564
79951970661
79951970767
79951970768
79951970788
79951970823
79951970823
79951970856
79951970883
79951970940
79951971040
79951971050
79951971050
79951971050
79951971153
79951971338
79951971392
79951971408
79951971408
79951971563
79951971641
79951971694
79951971753
79951971766
79951971815
79951972120
79951972163
79951972171
79951972206
79951972241
79951972355
79951972497
79951972504
79951972562
79951972562
79951972756
79951972767
79951972816
79951972922
79951973207
79951973255
79951973424
79951973464
79951973659
79951973664
79951973730
79951973752
79951973812
79951973833
79951973924
79951973936
79951973973
79951973990
79951974329
79951974345
79951974490
79951974490
79951974512
79951974590
79951974781
79951974844
79951974858
79951975033
79951975195
79951975195
79951975249
79951975371
79951975557
79951975587
79951975622
79951975698
79951975770
79951975812
79951975815
79951975851
79951975914
79951976050
79951976224
79951976259
79951976391
79951976441
79951976476
79951976666
79951976692
79951976695
79951977030
79951977430
79951977857
79951977999
79951978015
79951978015
79951978033
79951978315
79951978404
79951978419
79951978438
79951978457
79951978480
79951978552
79951978562
79951978720
79951978737
79951978870
79951978960
79951979027
79951979066
79951979073
79951979073
79951979080
79951979116
79951979148
79951979195
79951979371
79951979410
79951979511
79951979524
79951979615
79951979678
79951979842
79951979892
79951979907
79951980030
79951980067
79951980071
79951980103
79951980164
79951980322
79951980348
79951980374
79951980425
79951980583
79951980601
79951980656
79951980786
79951980855
79951980885
79951980888
79951980890
79951981054
79951981127
79951981205
79951981372
79951981372
79951981377
79951981378
79951981388
79951981486
79951981567
79951981761
79951981914
79951981966
79951982041
79951982048
79951982201
79951982233
79951982339
79951982407
79951982407
79951982407
79951982410
79951982480
79951982578
79951982624
79951982690
79951982733
79951982733
79951982971
79951983050
79951983050
79951983163
79951983200
79951983278
79951983278
79951983299
79951983396
79951983435
79951983448
79951983464
79951983750
79951983780
79951983806
79951983818
79951983818
79951983869
79951983896
79951984045
79951984164
79951984179
79951984232
79951984278
79951984300
79951984311
79951984345
79951984367
79951984371
79951984415
79951984459
79951984474
79951984492
79951984556
79951984570
79951984579
79951984695
79951984746
79951984746
79951984765
79951984778
79951984805
79951984871
79951985006
79951985054
79951985054
79951985131
79951985131
79951985405
79951985415
79951985426
79951985463
79951985561
79951985643
79951985816
79951985956
79951986243
79951986337
79951986339
79951986385
79951986474
79951986678
79951986830
79951986838
79951987525
79951987593
79951987640
79951987769
79951987893
79951987893
79951988008
79951988063
79951988096
79951988141
79951988659
79951988949
79951989382
79951989425
79951989508
79951989566
79951989596
79951989611
79951989670
79951989672
79951989751
79951989936
79951990007
79951990168
79951990169
79951990198
79951990256
79951990281
79951990302
79951990363
79951990391
79951990403
79951990416
79951990507
79951990539
79951990539
79951990699
79951990699
79951990749
79951990758
79951990781
79951990782
79951990797
79951990799
79951990799
79951991015
79951991030
79951991045
79951991207
79951991239
79951991249
79951991251
79951991251
79951991387
79951991760
79951991860
79951991906
79951991991
79951992050
79951992075
79951992146
79951992156
79951992181
79951992223
79951992223
79951992375
79951992394
79951992400
79951992427
79951992429
79951992469
79951992469
79951992591
79951992716
79951992848
79951992969
79951992969
79951993045
79951993136
79951993136
79951993167
79951993171
79951993234
79951993414
79951993456
79951993678
79951993705
79951994035
79951994064
79951994070
79951994156
79951994284
79951994285
79951994291
79951994942
79951994982
79951995041
79951995050
79951995054
79951995067
79951995171
79951995271
79951995321
79951995354
79951995457
79951995669
79951996017
79951996038
79951996079
79951996079
79951996157
79951996250
79951996313
79951996478
79951996580
79951996580
79951996849
79951996906
79951996930
79951997141
79951997141
79951997141
79951997208
79951997303
79951997333
79951997369
79951997594
79951997879
79951997907
79951997923
79951997924
79951997924
79951997944
79951997965
79951997979
79951998067
79951998212
79951998320
79951998320
79951998320
79951998328
79951998635
79951998635
79951998898
79951999195
79951999616
79951999974
79952000001
79952000008
79952000015
79952000022
79952000099
79952000128
79952000440
79952000650
79952000796
79952000798
79952000818
79952000832
79952000832
79952000852
79952000853
79952000903
79952001151
79952001220
79952001220
79952001369
79952001369
79952001369
79952001370
79952001504
79952001520
79952001535
79952001548
79952001549
79952001579
79952001584
79952001595
79952001649
79952001687
79952001705
79952001757
79952001757
79952001761
79952001807
79952001807
79952001832
79952001893
79952001895
79952001895
79952001987
79952002020
79952002127
79952002212
79952002212
79952002257
79952002354
79952002354
79952002370
79952002384
79952002576
79952002791
79952002791
79952002969
79952002969
79952002971
79952003003
79952003078
79952003147
79952003153
79952003153
79952003200
79952003465
79952003465
79952003472
79952003503
79952003509
79952003518
79952003673
79952003708
79952003757
79952003838
79952003858
79952003941
79952003968
79952004051
79952004182
79952004212
79952004252
79952004304
79952004510
79952004591
79952004651
79952004656
79952004701
79952004705
79952004720
79952004734
79952004858
79952004897
79952005012
79952005040
79952005070
79952005070
79952005234
79952005234
79952005456
79952005456
79952005793
79952005893
79952005968
79952006001
79952006037
79952006060
79952006102
79952006141
79952006146
79952006146
79952006171
79952006381
79952006412
79952006474
79952006497
79952006875
79952006908
79952006948
79952007007
79952007007
79952007021
79952007050
79952007075
79952007201
79952007290
79952007310
79952007376
79952007460
79996148173
79996148220
79996148287
79996148297
79996148347
79996148351
79996148400
79996148428
79996148470
79996148500
79996148502
79996148524
79996148656
79996148658
79996148668
79996148671
79996148671
79996148676
79996148721
79996148815
79996148832
79996148862
79996148866
79996148869
79996148897
79996148899
79996148934
79996148990
79996149020
79996149038
79996149043
79996149046
79996149100
79996149116
79996149123
79996149171
79996149187
79996149190
79996149300
79996149300
79996149311
79996149311
79996149375
79996149385
79996149450
79996149450
79996149491
79996149504
79996149529
79996149564
79996149564
79996149569
79996149570
79996149622
79996149670
79996149700
79996149750
79996149772
79996149789
79996149797
79996149829
79996149848
79996149888
79996149958
79996149970
79996149995
79996149999
79996150000
79996150001
79996150031
79996150036
79996150040
79996150059
79996150065
79996150065
79996150073
79996150124
79996150128
79996150138
79996150157
79996150158
79996150250
79996150251
79996150288
79996150319
79996150395
79996150430
79996150441
79996150490
79996150512
79996150515
79996150517
79996150591
79996150659
79996150684
79996150690
79996150715
79996150722
79996150725
79996150741
79996150747
79996150788
79996150813
79996150848
79996150852
79996150861
79996150932
79996150982
79996151023
79996151029
79996151038
79996151070
79996151143
79996151234
79996151235
79996151265
79996151402
79996151402
79996151468
79996151468
79996151481
79996151492
79996151583
79996151630
79996151639
79996151669
79996151680
79996151681
79996151685
79996151685
79996151700
79996151705
79996151742
79996151758
79996151768
79996151807
79996151818
79996151837
79996151845
79996151855
79996151858
79996151869
79996151872
79996151917
79996151966
79996151966
79996151982
79996151985
79996151987
79996152104
79996152116
79996152152
79996152167
79996152212
79996152215
79996152218
79996152250
79996152272
79996152310
79996152318
79996152318
79996152321
79996152321
79996152344
79996152384
79996152423
79996152464
79996152464
79996152471
79996152473
79996152479
79996152523
79996152525
79996152543
79996152550
79996152554
79996152609
79996152616
79996152677
79996152694
79996152696
79996152712
79996152717
79996152735
79996152743
79996152756
79996152775
79996152784
79996152795
79996152812
79996152828
79996152906
79996152917
79996152918
79996152940
79996152946
79996152982
79996152991
79996153019
79996153019
79996153045
79996153053
79996153158
79996153159
79996153171
79996153187
79996153266
79996153326
79996153361
79996153409
79996153421
79996153424
79996153439
79996153454
79996153515
79996153529
79996153530
79996153542
79996153545
79996153578
79996153587
79996153619
79996153632
79996153643
79996153649
79996153743
79996153747
79996153757
79996153759
79996153789
79996153817
79996153820
79996153823
79996153826
79996153826
79996153863
79996153887
79996153900
79996153956
79996153966
79996153974
79996154019
79996154059
79996154070
79996154092
79996154119
79996154146
79996154149
79996154184
79996154234
79996154234
79996154251
79996154255
79996154265
79996154265
79996154324
79996154334
79996154337
79996154344
79996154429
79996154520
79996154520
79996154526
79996154589
79996154709
79996154751
79996154818
79996154847
79996154874
79996154904
79996154930
79996154942
79996154983
79996155003
79996155017
79996155020
79996155053
79996155126
79996155197
79996155205
79996155228
79996155251
79996155339
79996155354
79996155370
79996155483
79996155495
79996155500
79996155530
79996155600
79996155649
79996155665
79996155665
79996155677
79996155691
79996155694
79996155712
79996155812
79996155813
79996155825
79996155825
79996155833
79996155852
79996155909
79996155918
79996155929
79996155933
79996155998
79996156009
79996156086
79996156122
79996156140
79996156211
79996156257
79996156261
79996156276
79996156295
79996156309
79996156323
79996156323
79996156349
79996156440
79996156445
79996156447
79996156454
79996156505
79996156507
79996156519
79996156544
79996156597
79996156605
79996156606
79996156607
79996156608
79996156614
79996156618
79996156638
79996156639
79996156735
79996156771
79996156842
79996156846
79996156866
79996156866
79996156882
79996156969
79996156978
79996156986
79996156998
79996157013
79996157042
79996157045
79996157067
79996157067
79996157083
79996157106
79996157106
79996157186
79996157243
79996157267
79996157286
79996157286
79996157307
79996157342
79996157342
79996157348
79996157374
79996157449
79996157469
79996157504
79996157518
79996157518
79996157548
79996157569
79996157609
79996157625
79996157651
79996157685
79996157718
79996157779
79996157795
79996157797
79996157805
79996157808
79996157845
79996157863
79996157894
79996157923
79996157992
79996158023
79996158082
79996158182
79996158208
79996158289
79996158319
79996158408
79996158416
79996158439
79996158473
79996158476
79996158524
79996158542
79996158556
79996158582
79996158664
79996158681
79996158720
79996158751
79996158778
79996158779
79996158779
79996158780
79996158791
79996158804
79996158816
79996158831
79996158837
79996158853
79996158936
79996158959
79996158959
79996158959
79996159003
79996159017
79996159053
79996159068
79996159087
79996159093
79996159096
79996159099
79996159109
79996159109
79996159145
79996159155
79996159189
79996159192
79996159271
79996159284
79996159310
79996159312
79996159326
79996159421
79996159449
79996159476
79996159482
79996159500
79996159507
79996159557
79996159578
79996159668
79996159668
79996159780
79996159803
79996159803
79996159843
79996159995
79996159996
79996160045
79996160073
79996160074
79996160080
79996160085
79996160086
79996160106
79996160106
79996160107
79996160118
79996160136
79996160218
79996160266
79996160312
79996160323
79996160328
79996160347
79996160397
79996160406
79996160406
79996160411
79996160413
79996160427
79996160430
79996160450
79996160453
79996160474
79996160488
79996160489
79996160489
79996160503
79996160553
79996160577
79996160580
79996160601
79996160617
79996160620
79996160659
79996160661
79996160698
79996160700
79996160703
79996160715
79996160715
79996160727
79996160746
79996160752
79996160757
79996160771
79996160777
79996160790
79996160837
79996160847
79996160900
79996160913
79996160950
79996160958
79996160967
79996160982
79996161009
79996161030
79996161054
79996161138
79996161141
79996161195
79996161272
79996161277
79996161322
79996161323
79996161333
79996161357
79996161367
79996161395
79996161459
79996161592
79996161597
79996161605
79996161641
79996161660
79996161661
79996161678
79996161709
79996161731
79996161747
79996161747
79996161757
79996161773
79996161792
79996161793
79996161794
79996161797
79996161797
79996161813
79996161828
79996161845
79996161865
79996161877
79996161877
79996161903
79996161919
79996161986
79996162017
79996162048
79996162057
79996162065
79996162102
79996162112
79996162117
79996162120
79996162123
79996162148
79996162207
79996162291
79996162299
79996162304
79996162310
79996162317
79996162322
79996162335
79996162346
79996162359
79996162360
79996162365
79996162373
79996162378
79996162407
79996162411
79996162422
79996162422
79996162440
79996162455
79996162502
79996162528
79996162561
79996162622
79996162624
79996162659
79996162661
79996162675
79996162691
79996162717
79996162750
79996162762
79996162762
79996162779
79996162843
79996162845
79996162861
79996162879
79996162881
79996162886
79996162905
79996162905
79996162965
79996162984
79996162984
79996162991
79996163008
79996163043
79996163049
79996163052
79996163057
79996163060
79996163133
79996163233
79996163259
79996163272
79996163293
79996163316
79996163328
79996163333
79996163376
79996163381
79996163381
79996163409
79996163410
79996163447
79996163454
79996163500
79996163512
79996163545
79996163551
79996163564
79996163573
79996163588
79996163641
79996163650
79996163650
79996163668
79996163720
79996163726
79996163790
79996163817
79996163886
79996163896
79996163925
79996163976
79996163976
79996164015
79996164028
79996164052
79996164100
79996164125
79996164133
79996164141
79996164162
79996164176
79996164204
79996164204
79996164346
79996164405
79996164444
79996164444
79996164490
79996164493
79996164517
79996164518
79996164545
79996164563
79996164625
79996164625
79996164644
79996164684
79996164755
79996164755
79996164794
79996164826
79996164840
79996164919
79996164926
79996164939
79996164956
79996164962
79996164962
79996164979
79996165000
79996165038
79996165059
79996165095
79996165095
79996165097
79996165112
79996165205
79996165243
79996165286
79996165341
79996165401
79996165420
79996165424
79996165439
79996165452
79996165489
79996165648
79996165678
79996165681
79996165739
79996165773
79996165775
79996165797
79996165806
79996165828
79996165828
79996165871
79996165938
79996165987
79996165987
79996165998
79996166000
79996166018
79996166023
79996166050
79996166050
79996166120
79996166153
79996166155
79996166173
79996166187
79996166213
79996166215
79996166248
79996166258
79996166282
79996166302
79996166320
79996166329
79996166377
79996166424
79996166471
79996166515
79996166535
79996166545
79996166545
79996166568
79996166591
79996166593
79996166600
79996166686
79996166701
79996166715
79996166715
79996166763
79996166800
79996166830
79996166830
79996166835
79996166914
79996166919
79996166927
79996166986
79996166999
79996167025
79996167050
79996167098
79996167150
79996167189
79996167200
79996167275
79996167284
79996167293
79996167322
79996167322
79996167329
79996167340
79996167341
79996167412
79996167478
79996167524
79996167526
79996167597
79996167626
79996167672
79996167739
79996167748
79996167813
79996167817
79996167860
79996167875
79996167878
79996167878
79996167886
79996167908
79996167917
79996167919
79996167933
79996167951
79996167952
79996167956
79996168108
79996168340
79996168355
79996168361
79996168390
79996168394
79996168407
79996168412
79996168456
79996168459
79996168477
79996168480
79996168587
79996168594
79996168643
79996168672
79996168803
79996168816
79996168841
79996168890
79996168911
79996168981
79996169002
79996169002
79996169026
79996169050
79996169067
79996169073
79996169103
79996169124
79996169141
79996169149
79996169165
79996169183
79996169202
79996169206
79996169207

79996066951
79996066954
79996066956
79996066965
79996066986
79996066996
79996067027
79996067078
79996067080
79996067090
79996067109
79996067109
79996067113
79996067118
79996067138
79996067151
79996067166
79996067174
79996067174
79996067190
79996067200
79996067242
79996067278
79996067300
79996067314
79996067345
79996067351
79996067354
79996067441
79996067453
79996067454
79996067454
79996067456
79996067467
79996067470
79996067525
79996067550
79996067573
79996067596
79996067602
79996067631
79996067677
79996067692
79996067705
79996067711
79996067711
79996067717
79996067720
79996067723
79996067736
79996067758
79996067770
79996067777
79996067777
79996067779
79996067857
79996067882
79996067886
79996067890
79996067919
79996067919
79996067927
79996067944
79996067965
79996067969
79996067976
79996067976
79996067991
79996067991
79996067992
79996068008
79996068010
79996068039
79996068045
79996068046
79996068049
79996068050
79996068050
79996068121
79996068121
79996068160
79996068160
79996068170
79996068176
79996068196
79996068214
79996068233
79996068301
79996068303
79996068310
79996068345
79996068357
79996068361
79996068370
79996068373
79996068389
79996068412
79996068450
79996068475
79996068506
79996068535
79996068536
79996068539
79996068545
79996068574
79996068607
79996068614
79996068635
79996068635
79996068686
79996068687
79996068695
79996068696
79996068696
79996068698
79996068706
79996068706
79996068707
79996068722
79996068731
79996068735
79996068746
79996068765
79996068775
79996068776
79996068791
79996068811
79996068811
79996068834
79996068836
79996068841
79996068844
79996068849
79996068852
79996068855
79996068856
79996068856
79996068873
79996068873
79996068890
79996068896
79996068905
79996068905
79996068918
79996068925
79996068935
79996068946
79996068960
79996068987
79996069000
79996069000
79996069021
79996069026
79996069038
79996069059
79996069084
79996069099
79996069113
79996069113
79996069133
79996069133
79996069147
79996069191
79996069204
79996069204
79996069212
79996069236
79996069236
79996069238
79996069244
79996069264
79996069279
79996069287
79996069298
79996069308
79996069324
79996069345
79996069347
79996069351
79996069377
79996069377
79996069423
79996069457
79996069457
79996069466
79996069470
79996069475
79996069509
79996069515
79996069515
79996069521
79996069540
79996069562
79996069574
79996069624
79996069632
79996069637
79996069640
79996069672
79996069674
79996069700
79996069722
79996069725
79996069725
79996069775
79996069775
79996069786
79996069791
79996069791
79996069792
79996069797
79996069807
79996069837
79996069850
79996069864
79996069864
79996069866
79996069871
79996069885
79996069959
79996069988
79996069988
79996069989
79996069989
79996069991
79996069996
79996069996
79996070000
79996070000
79996070042
79996070042
79996070046
79996070046
79996070047
79996070052
79996070077
79996070077
79996070082
79996070094
79996070100
79996070125
79996070157
79996070167
79996070177
79996070197
79996070203
79996070211
79996070212
79996070217
79996070226
79996070232
79996070247
79996070273
79996070298
79996070338
79996070339
79996070339
79996070360
79996070365
79996070381
79996070384
79996070386
79996070401
79996070433
79996070435
79996070454
79996070457
79996070457
79996070475
79996070480
79996070488
79996070503
79996070511
79996070512
79996070519
79996070519
79996070522
79996070527
79996070546
79996070596
79996070602
79996070651
79996070705
79996070707
79996070727
79996070729
79996070737
79996070743
79996070787
79996070787
79996070804
79996070844
79996070845
79996070846
79996070887
79996070910
79996070911
79996070959
79996070973
79996070999
79996071000
79996071016
79996071016
79996071050
79996071059
79996071060
79996071081
79996071123
79996071128
79996071159
79996071213
79996071233
79996071235
79996071256
79996071300
79996071302
79996071308
79996071314
79996071339
79996071348
79996071382
79996071407
79996071408
79996071426
79996071426
79996071519
79996071527
79996071540
79996071554
79996071565
79996071588
79996071606
79996071608
79996071616
79996071668
79996071705
79996071715
79996071778
79996071864
79996071883
79996071897
79996071907
79996071907
79996071935
79996071945
79996071962
79996071962
79996071980
79996071990
79996072000
79996072019
79996072031
79996072062
79996072115
79996072132
79996072132
79996072155
79996072167
79996072187
79996072197
79996072206
79996072214
79996072214
79996072214
79996072233
79996072233
79996072242
79996072261
79996072269
79996072292
79996072306
79996072327
79996072352
79996072374
79996072402
79996072409
79996072468
79996072493
79996072523
79996072527
79996072544
79996072560
79996072563
79996072585
79996072600
79996072606
79996072664
79996072693
79996072697
79996072708
79996072717
79996072717
79996072730
79996072765
79996072772
79996072788
79996072804
79996072807
79996072854
79996072866
79996072886
79996072898
79996072920
79996072928
79996072929
79996073021
79996073022
79996073050
79996073145
79996073145
79996073177
79996073178
79996073178
79996073190
79996073203
79996073228
79996073237
79996073304
79996073307
79996073340
79996073353
79996073367
79996073393
79996073407
79996073414
79996073431
79996073436
79996073437
79996073457
79996073464
79996073476
79996073503
79996073515
79996073542
79996073559
79996073568
79996073568
79996073576
79996073604
79996073631
79996073670
79996073700
79996073708
79996073708
79996073712
79996073729
79996073730
79996073756
79996073762
79996073768
79996073805
79996073819
79996073845
79996073886
79996073896
79996073932
79996073932
79996073955
79996073973
79996073990
79996074004
79996074006
79996074006
79996074029
79996074036
79996074045
79996074046
79996074053
79996074061
79996074061
79996074069
79996074070
79996074094
79996074103
79996074129
79996074208
79996074224
79996074224
79996074227
79996074273
79996074330
79996074345
79996074394
79996074396
79996074434
79996074438
79996074438
79996074439
79996074444
79996074489
79996074489
79996074490
79996074544
79996074550
79996074562
79996074575
79996074575
79996074580
79996074591
79996074593
79996074596
79996074615
79996074642
79996074646
79996074646
79996074650
79996074656
79996074688
79996074764
79996074769
79996074775
79996074841
79996074841
79996074858
79996074863
79996074886
79996074919
79996074962
79996074966
79996074973
79996074988
79996074988
79996074994
79996074996
79996075032
79996075037
79996075101
79996075110
79996075120
79996075127
79996075167
79996075168
79996075207
79996075221
79996075283
79996075303
79996075328
79996075353
79996075389
79996075394
79996075430
79996075430
79996075435
79996075447
79996075447
79996075525
79996075535
79996075541
79996075555
79996075555
79996075582
79996075582
79996075585
79996075603
79996075623
79996075673
79996075678
79996075690
79996075700
79996075702
79996075703
79996075713
79996075751
79996075757
79996075769
79996075779
79996075779
79996075779
79996075802
79996075825
79996075838
79996075854
79996075858
79996075864
79996075900
79996075907
79996075914
79996075923
79996075923
79996075931
79996075937
79996075952
79996075975
79996075975
79996075989
79996075998
79996076001
79996076020
79996076037
79996076039
79996076047
79996076064
79996076065
79996076078
79996076092
79996076094
79996076095
79996076100
79996076105
79996076112
79996076132
79996076203
79996076219
79996076220
79996076250
79996076250
79996076292
79996076308
79996076311
79996076313
79996076323
79996076323
79996076337
79996076400
79996076426
79996076428
79996076429
79996076460
79996076460
79996076589
79996076591
79996076636
79996076636
79996076721
79996076745
79996076757
79996076774
79996076794
79996076802
79996076806
79996076819
79996076823
79996076929
79996076935
79996076935
79996076943
79996076958
79996076971
79996076977
79996076987
79996076995
79996077004
79996077009
79996077022
79996077031
79996077047
79996077061
79996077068
79996077081
79996077093
79996077124
79996077124
79996077180
79996077206
79996077255
79996077283
79996077327
79996077347
79996077352
79996077357
79996077387
79996077411
79996077448
79996077507
79996077606
79996077665
79996077667
79996077678
79996077700
79996077777
79996077777
79996077778
79996077789
79996077826
79996077827
79996077837
79996077874
79996077896
79996077902
79996077931
79996077948
79996077948
79996077973
79996078011
79996078036
79996078081
79996078086
79996078087
79996078113
79996078113
79996078118
79996078126
79996078152
79996078168
79996078186
79996078194
79996078226
79996078245
79996078303
79996078353
79996078365
79996078367
79996078434
79996078452
79996078462
79996078486
79996078535
79996078595
79996078620
79996078620
79996078627
79996078665
79996078701
79996078731
79996078737
79996078749
79996078749
79996078759
79996078764
79996078782
79996078804
79996078810
79996078811
79996078846
79996078853
79996078878
79996078878
79996078890
79996078902
79996078902
79996078917
79996078963
79996078992
79996078997
79996078998
79996079001
79996079009
79996079009
79996079042
79996079053
79996079090
79996079130
79996079131
79996079135
79996079160
79996079174
79996079177
79996079177
79996079193
79996079214
79996079295
79996079339
79996079339
79996079348
79996079365
79996079387
79996079390
79996079392
79996079392
79996079416
79996079436
79996079466
79996079466
79996079470
79996079474
79996079474
79996079493
79996079502
79996079542
79996079604
79996079604
79996079644
79996079662
79996079664
79996079687
79996079689
79996079723
79996079745
79996079758
79996079763
79996079770
79996079779
79996079786
79996079795
79996079795
79996079799
79996079808
79996079808
79996079881
79996079967
79996079999
79996079999
79996080007
79996080012
79996080018
79996080046
79996080052
79996080075
79996080081
79996080089
79996080100
79996080107
79996080149
79996080194
79996080200
79996080215
79996080216
79996080231
79996080235
79996080272
79996080289
79996080340
79996080343
79996080343
79996080355
79996080377
79996080400
79996080422
79996080438
79996080525
79996080525
79996080538
79996080547
79996080547
79996080580
79996080586
79996080587
79996080592
79996080592
79996080616
79996080625
79996080647
79996080681
79996080743
79996080777
79996080777
79996080792
79996080801
79996080808
79996080811
79996080812
79996080827
79996080828
79996080836
79996080851
79996080860
79996080860
79996080869
79996080885
79996080885
79996080889
79996080943
79996080963
79996080963
79996080977
79996081002
79996081009
79996081020
79996081025
79996081051
79996081077
79996081081
79996081094
79996081103
79996081128
79996081147
79996081223
79996081234
79996081244
79996081258
79996081291
79996081300
79996081300
79996081304
79996081312
79996081312
79996081318
79996081321
79996081323
79996081323
79996081337
79996081338
79996081338
79996081355
79996081358
79996081366
79996081381
79996081381
79996081387
79996081414
79996081416
79996081416
79996081443
79996081480
79996081511
79996081533
79996081557
79996081576
79996081601
79996081601
79996081625
79996081636
79996081636
79996081688
79996081688
79996081704
79996081707
79996081707
79996081714
79996081736
79996081741
79996081762
79996081822
79996081827
79996081882
79996081902
79996081915
79996081933
79996081946
79996081950
79996081952
79996081968
79996081973
79996081973
79996081983
79996081999
79996082011
79996082011
79996082014
79996082015
79996082036
79996082058
79996082065
79996082095
79996082109
79996082138
79996082151
79996082208
79996082241
79996082261
79996082269
79996082275
79996082306
79996082345
79996082345
79996082350
79996082364
79996082397
79996082402
79996082404
79996082415
79996082473
79996082482
79996082508
79996082529
79996082538
79996082606
79996082610
79996082616
79996082646
79996082646
79996082648
79996082674
79996082696
79996082728
79996082765
79996082801
79996082818
79996082838
79996082843
79996082847
79996082895
79996082912
79996082921
79996082921
79996082957
79996082966
79996083001
79996083026
79996083050
79996083057
79996083095
79996083112
79996083188
79996083210
79996083216
79996083218
79996083221
79996083224
79996083240
79996083246
79996083270
79996083283
79996083309
79996083323
79996083333
79996083358
79996083363
79996083523
79996083533
79996083533
79996083544
79996083548
79996083549
79996083553
79996083617
79996083668
79996083686
79996083702
79996083708
79996083719
79996083733
79996083756
79996083902
79996083906
79996083919
79996083949
79996083962
79996083962
79996084018
79996084051
79996084087
79996084091
79996084109
79996084117
79996084121
79996084140
79996084142
79996084164
79996084174
79996084189
79996084215
79996084228
79996084230
79996084235
79996084275
79996084282
79996084292
79996084292
79996084334
79996084369
79996084379
79996084383
79996084383
79996084385
79996084400
79996084404
79996084408
79996084414
79996084427
79996084479
79996084487
79996084487
79996084503
79996084522
79996084613
79996084616
79996084629
79996084639
79996084646
79996084664
79996084681
79996084682
79996084730
79996084730
79996084780
79996084791
79996084800
79996084833
79996084849
79996084855
79996084856
79996084856
79996084880
79996084892
79996084900
79996084901
79996084901
79996084905
79996084932
79996084949
79996084954
79996084974
79996084995
79996085007
79996085014
79996085018
79996085051
79996085053
79996085110
79996085118
79996085167
79996085224
79996085225
79996085248
79996085258
79996085293
79996085295
79996085308
79996085308
79996085310
79996085311
79996085316
79996085335
79996085341
79996085350
79996085353
79996085374
79996085393
79996085402
79996085441
79996085505
79996085508
79996085546
79996085561
79996085569
79996085615
79996085665
79996085738
79996085745
79996085763
79996085791
79996085791
79996085827
79996085838
79996085893
79996085945
79996085954
79996085964
79996085969
79996085984
79996085984
79996085988
79996086000
79996086007
79996086023
79996086046
79996086049
79996086067
79996086082
79996086087
79996086087
79996086095
79996086101
79996086119
79996086124
79996086126
79996086161
79996086161
79996086163
79996086239
79996086247
79996086248
79996086248
79996086252
79996086384
79996086384
79996086387
79996086396
79996086400
79996086400
79996086466
79996086490
79996086492
79996086500
79996086558
79996086559
79996086603
79996086613
79996086614
79996086626
79996086639
79996086644
79996086655
79996086655
79996086661
79996086669
79996086709
79996086739
79996086809
79996086832
79996086859
79996086866
79996086866
79996086866
79996086868
79996086878
79996086892
79996086893
79996086897
79996086906
79996086908
79996086913
79996086916
79996086922
79996086956
79996086956
79996086958
79996086977
79996087019
79996087056
79996087073
79996087082
79996087082
79996087086
79996087101
79996087101
79996087106
79996087124
79996087183
79996087191
79996087211
79996087211
79996087215
79996087228
79996087278
79996087301
79996087313
79996087357
79996087384
79996087385
79996087386
79996087409
79996087465
79996087500
79996087518
79996087551
79996087552
79996087574
79996087578
79996087585
79996087653
79996087676
79996087683
79996087701
79996087711
79996087718
79996087761
79996087777
79996087839
79996087849
79996087868
79996087868
79996087868
79996087879
79996087884
79996087886
79996087894
79996087910
79996087911
79996087921
79996087925
79996087972
79996088029
79996088039
79996088055
79996088095
79996088129
79996088149
79996088182
79996088200
79996088204
79996088207
79996088234
79996088254
79996088260
79996088270
79996088282
79996088282
79996088296
79996088308
79996088330
79996088330
79996088340
79996088375
79996088391
79996088434
79996088496
79996088506
79996088522
79996088578
79996088635
79996088646
79996088650
79996088672
79996088682
79996088703
79996088808
79996088886
79996088915
79996088930
79996088930
79996088968
79996088968
79996088987
79996088987
79996089011
79996089013
79996089019
79996089079
79996089109
79996089109
79996089113
79996089135
79996089139
79996089142
79996089145
79996089165
79996089181
79996089184
79996089188
79996089206
79996089206
79996089224
79996089264
79996089281
79996089326
79996089332
79996089352
79996089374
79996089388
79996089403
79996089406
79996089409
79996089420
79996089423
79996089438
79996089461
79996089493
79996089511
79996089552
79996089578
79996089623
79996089636
79996089680
79996089691
79996089712
79996089800
79996089819
79996089838
79996089854
79996089868
79996089868
79996089870
79996089873
79996089889
79996089889
79996089895
79996089913
79996090001
79996090007
79996090008
79996090009
79996090043
79996090057
79996090082
79996090084
79996090098
79996090114
79996090130
79996090141
79996090161
79996090178
79996090198
79996090200
79996090206
79996090236
79996090243
79996090281
79996090291
79996090315
79996090322
79996090340
79996090343
79996090371
79996090374
79996090377
79996090391
79996090392
79996090428
79996090430
79996090433
79996090440
79996090442
79996090453
79996090460
79996090480
79996090503
79996090584
79996090604
79996090619
79996090649
79996090657
79996090663
79996090663
79996090670
79996090671
79996090690
79996090696
79996090700
79996090704
79996090713
79996090713
79996090714
79996090762
79996090767
79996090768
79996090772
79996090772
79996090779
79996090804
79996090808
79996090816
79996090821
79996090824
79996090851
79996090870
79996090874
79996090893
79996090903
79996090915
79996090934
79996090934
79996090949
79996090960
79996090979
79996090985
79996091004
79996091013
79996091018
79996091029
79996091040
79996091054
79996091057
79996091112
79996091131
79996091146
79996091164
79996091185
79996091193
79996091193
79996091207
79996091207
79996091209
79996091210
79996091217
79996091221
79996091223
79996091249
79996091255
79996091260
79996091280
79996091280
79996091295
79996091306
79996091308
79996091313
79996091334
79996091353
79996091354
79996091369
79996091372
79996091376
79996091381
79996091406
79996091415
79996091438
79996091488
79996091489
79996091510
79996091571
79996091571
79996091586
79996091586
79996091589
79996091618
79996091624
79996091636
79996091638
79996091652
79996091656
79996091672
79996091677
79996091678
79996091704
79996091718
79996091720
79996091721
79996091730
79996091752
79996091758
79996091761
79996091763
79996091770
79996091777
79996091779
79996091780
79996091790
79996091803
79996091818
79996091870
79996091884
79996091903
79996091914
79996091920
79996091947
79996091958
79996091962
79996091997
79996092000
79996092025
79996092036
79996092075
79996092101
79996092118
79996092121
79996092121
79996092131
79996092133
79996092161
79996092167
79996092180
79996092182
79996092188
79996092188
79996092195
79996092210
79996092214
79996092215
79996092233
79996092262
79996092286
79996092289
79996092296
79996092299
79996092303
79996092303
79996092332
79996092343
79996092366
79996092372
79996092375
79996092378
79996092391
79996092411
79996092414
79996092445
79996092445
79996092453
79996092459
79996092466
79996092491
79996092496
79996092539
79996092539
79996092626
79996092628
79996092629
79996092630
79996092647
79996092666
79996092666
79996092668
79996092696
79996092735
79996092796
79996092805
79996092824
79996092831
79996092838
79996092845
79996092845
79996092860
79996092876
79996092878
79996092928
79996092928
79996092930
79996092949
79996092963
79996092969
79996092969
79996092991
79996093004
79996093004
79996093020
79996093021
79996093033
79996093036
79996093090
79996093126
79996093139
79996093153
79996093159
79996093179
79996093190
79996093191
79996093235
79996093238
79996093244
79996093256
79996093293
79996093293
79996093317
79996093345
79996093369
79996093373
79996093400
79996093415
79996093431
79996093435
79996093438
79996093470
79996093500
79996093507
79996093521
79996093537
79996093554
79996093574
79996093591
79996093603
79996093603
79996093614
79996093626
79996093642
79996093655
79996093657
79996093666
79996093681
79996093698
79996093713
79996093716
79996093721
79996093727
79996093757
79996093846
79996093851
79996093851
79996093852
79996093912
79996093938
79996093940
79996093959
79996093970
79996094002
79996094003
79996094003
79996094016
79996094036
79996094055
79996094055
79996094061
79996094196
79996094218
79996094252
79996094266
79996094369
79996094369
79996094407
79996094416
79996094416
79996094419
79996094419
79996094422
79996094422
79996094435
79996094450
79996094512
79996094515
79996094519
79996094524
79996094647
79996094669
79996094692
79996094744
79996094745
79996094759
79996094772
79996094778
79996094778
79996094781
79996094783
79996094809
79996094822
79996094822
79996094834
79996094846
79996094862
79996094934
79996094943
79996094947
79996094952
79996094952
79996094959
79996094996
79996095005
79996095018
79996095022
79996095033
79996095033
79996095051
79996095063
79996095069
79996095074
79996095080
79996095093
79996095115
79996095121
79996095121
79996095137
79996095140
79996095149
79996095171
79996095171
79996095186
79996095193
79996095209
79996095215
79996095278
79996095289
79996095295
79996095304
79996095331
79996095365
79996095369
79996095383
79996095386
79996095397
79996095411
79996095415
79996095424
79996095429
79996095443
79996095443
79996095447
79996095495
79996095512
79996095512
79996095542
79996095543
79996095547
79996095564
79996095564
79996095599
79996095615
79996095634
79996095696
79996095703
79996095739
79996095747
79996095751
79996095768
79996095825
79996095857
79996095857
79996095873
79996095882
79996095889
79996095922
79996096014
79996096019
79996096019
79996096030
79996096041
79996096041
79996096054
79996096088
79996096094
79996096114
79996096114
79996096128
79996096128
79996096197
79996096202
79996096224
79996096226
79996096303
79996096320
79996096328
79996096337
79996096339
79996096341
79996096373
79996096409
79996096410
79996096420
79996096428
79996096430
79996096470
79996096480
79996096542
79996096542
79996096551
79996096558
79996096561
79996096586
79996096589
79996096610
79996096615
79996096678
79996096699
79996096703
79996096714
79996096754
79996096770
79996096807
79996096818
79996096819
79996096827
79996096845
79996096860
79996096873
79996096884
79996096912
79996096913
79996096935
79996096966
79996096973
79996096979
79996096981
79996097079
79996097130
79996097160
79996097178
79996097183
79996097215
79996097270
79996097307
79996097341
79996097344
79996097356
79996097364
79996097437
79996097477
79996097479
79996097504
79996097519
79996097519
79996097526
79996097571
79996097588
79996097588
79996097593
79996097607
79996097626
79996097629
79996097644
79996097646
79996097650
79996097681
79996097687
79996097688
79996097691
79996097691
79996097716
79996097722
79996097722
79996097731
79996097734
79996097740
79996097742
79996097747
79996097747
79996097761
79996097770
79996097779
79996097779
79996097799
79996097800
79996097833
79996097838
79996097842
79996097871
79996097945
79996097945
79996097985
79996098006
79996098027
79996098033
79996098040
79996098051
79996098083
79996098088
79996098125
79996098156
79996098156
79996098179
79996098200
79996098260
79996098314
79996098322
79996098358
79996098384
79996098390
79996098410
79996098452
79996098458
79996098487
79996098526
79996098546
79996098549
79996098576
79996098600
79996098611
79996098636
79996098666
79996098715
79996098718
79996098741
79996098742
79996098750
79996098754
79996098758
79996098767
79996098797
79996098800
79996098820
79996098820
79996098837
79996098878
79996098892
7(999)609-8
79996098949
79996098969
79996098977
79996098984
79996098985
79996098988
79996098999
79996099000
79996099004
79996099005
79996099020
79996099029
79996099029
79996099059
79996099060
79996099069
79996099074
79996099095
79996099111
79996099138
79996099192
79996099273
79996099278
79996099291
79996099381
79996099391
79996099397
79996099444
79996099469
79996099479
79996099515
79996099525
79996099549
79996099555
79996099571
79996099583
79996099585
79996099593
79996099605
79996099607
79996099618
79996099632
79996099638
79996099647
79996099650
79996099650
79996099654
79996099685
79996099700
79996099748
79996099795
79996099806
79996099827
79996099828
79996099839
79996099897
79996099966
79996099969
79996099977
79996099991
79996099995
79996100000
79996100004
79996100060
79996100061
79996100069
79996100120
79996100135
79996100152
79996100170
79996100175
79996100191
79996100206
79996100210
79996100219
79996100226
79996100239
79996100245
79996100253
79996100267
79996100304
79996100334
79996100335
79996100364
79996100368
79996100375
79996100383
79996100385
79996100393
79996100401
79996100404
79996100404
79996100459
79996100464
79996100476
79996100476
79996100494
79996100501
79996100527
79996100536
79996100539
79996100561
79996100585
79996100590
79996100603
79996100611
79996100612
79996100627
79996100629
79996100662
79996100665
79996100685
79996100687
79996100707
79996100707
79996100728
79996100759
79996100760
79996100794
79996100794
79996100801
79996100804
79996100823
79996100834
79996100904
79996100908
79996100927
79996100936
79996100936
79996100979
79996100987
79996100990
79996100991
79996101003
79996101008
79996101017
79996101020
79996101023
79996101023
79996101024
79996101025
79996101034
79996101034
79996101058
79996101076
79996101076
79996101102
79996101111
79996101123
79996101158
79996101160
79996101204
79996101209
79996101234
79996101238
79996101245
79996101264
79996101278
79996101286
79996101358
79996101358
79996101398
79996101408
79996101408
79996101423
79996101423
79996101423
79996101426
79996101442
79996101455
79996101465
79996101466
79996101473
79996101489
79996101490
79996101500
79996101503
79996101515
79996101592
79996101593
79996101605
79996101606
79996101626
79996101630
79996101647
79996101651
79996101651
79996101653
79996101671
79996101680
79996101684
79996101709
79996101736
79996101767
79996101785
79996101798
79996101810
79996101854
79996101860
79996101860
79996101875
79996101882
79996101892
79996101896
79996101905
79996101905
79996101914
79996101922
79996101939
79996101944
79996101954
79996101980
79996101986
79996101999
79996101999
79996102002
79996102017
79996102032
79996102035
79996102039
79996102039
79996102054
79996102055
79996102070
79996102072
79996102075
79996102075
79996102087
79996102110
79996102114
79996102114
79996102139
79996102191
79996102210
79996102244
79996102284
79996102311
79996102321
79996102322
79996102330
79996102330
79996102380
79996102425
79996102454
79996102475
79996102486
79996102487
79996102536
79996102560
79996102585
79996102605
79996102623
79996102625
79996102647
79996102665
79996102678
79996102683
79996102684
79996102684
79996102687
79996102687
79996102702
79996102702
79996102731
79996102735
79996102786
79996102830
79996102838
79996102839
79996102839
79996102861
79996102865
79996102876
79996102884
79996102890
79996102909
79996102914
79996102928
79996102933
79996102933
79996102940
79996102984
79996103037
79996103093
79996103107
79996103113
79996103130
79996103146
79996103196
79996103196
79996103203
79996103235
79996103235
79996103239
79996103243
79996103244
79996103333
79996103342
79996103344
79996103365
79996103365
79996103371
79996103451
79996103460
79996103487
79996103532
79996103561
79996103562
79996103570
79996103605
79996103606
79996103639
79996103642
79996103663
79996103673
79996103673
79996103708
79996103721
79996103728
79996103735
79996103739
79996103746
79996103779
79996103819
79996103837
79996103866
79996103920
79996103938
79996103940
79996103952
79996103996
79996103999
79996104018
79996104032
79996104043
79996104051
79996104054
79996104079
79996104094
79996104112
79996104119
79996104128
79996104135
79996104135
79996104141
79996104198
79996104213
79996104223
79996104235
79996104240
79996104250
79996104263
79996104323
79996104336
79996104350
79996104353
79996104390
79996104418
79996104453
79996104463
79996104466
79996104467
79996104540
79996104581
79996104593
79996104638
79996104648
79996104650
79996104658
79996104670
79996104671
79996104673
79996104675
79996104685
79996104692
79996104710
79996104740
79996104745
79996104771
79996104815
79996104847
79996104852
79996104865
79996104900
79996104909
79996104925
79996104928
79996104932
79996104978
79996105007
79996105042
79996105054
79996105064
79996105070
79996105117
79996105182
79996105203
79996105212
79996105237
79996105288
79996105308
79996105364
79996105388
79996105430
79996105456
79996105492
79996105492
79996105509
79996105512
79996105544
79996105544
79996105560
79996105578
79996105584
79996105585
79996105590
79996105607
79996105615
79996105622
79996105672
79996105681
79996105705
79996105755
79996105758
79996105758
79996105817
79996105820
79996105829
79996105833
79996105840
79996105873
79996105878
79996105884
79996105887
79996105895
79996105903
79996105916
79996105917
79996105919
79996105929
79996105958
79996105978
79996105979
79996105992
79996106014
79996106021
79996106101
79996106102
79996106106
79996106110
79996106142
79996106157
79996106168
79996106168
79996106190
79996106192
79996106193
79996106197
79996106211
79996106229
79996106261
79996106273
79996106282
79996106284
79996106296
79996106400
79996106440
79996106467
79996106483
79996106495
79996106533
79996106541
79996106563
79996106612
79996106612
79996106616
79996106618
79996106625
79996106625
79996106636
79996106659
79996106716
79996106731
79996106753
79996106771
79996106808
79996106840
79996106841
79996106860
79996106872
79996106880
79996106889
79996106961
79996106976
79996106993
79996106994
79996107004
79996107006
79996107032
79996107033
79996107040
79996107054
79996107054
79996107077
79996107093
79996107098
79996107131
79996107152
79996107152
79996107159
79996107173
79996107203
79996107203
79996107223
79996107226
79996107234
79996107288
79996107288
79996107300
79996107302
79996107338
79996107343
79996107361
79996107368
79996107392
79996107398
79996107418
79996107420
79996107483
79996107545
79996107600
79996107672
79996107745
79996107760
79996107771
79996107790
79996107815
79996107823
79996107824
79996107825
79996107865
79996107879
79996107887
79996107891
79996107898
79996107904
79996107904
79996107906
79996107959
79996107977
79996107988
79996108001
79996108003
79996108020
79996108030
79996108032
79996108045
79996108068
79996108097
79996108103
79996108116
79996108131
79996108134
79996108206
79996108207
79996108225
79996108229
79996108229
79996108238
79996108268
79996108321
79996108337
79996108351
79996108379
79996108452
79996108473
79996108497
79996108501
79996108512
79996108539
79996108595
79996108600
79996108642
79996108678
79996108678
79996108707
79996108755
79996108785
79996108788
79996108788
79996108809
79996108856
79996108858
79996108864
79996108969
79996108985
79996109004
79996109050
79996109050
79996109053
79996109054
79996109072
79996109073
79996109075
79996109110
79996109180
79996109182
79996109182
79996109188
79996109190
79996109201
79996109201
79996109219
79996109224
79996109245
79996109249
79996109251
79996109289
79996109357
79996109363
79996109377
79996109394
79996109428
79996109455
79996109492
79996109510
79996109525
79996109556
79996109597
79996109605
79996109611
79996109660
79996109666
79996109670
79996109719
79996109720
79996109777
79996109790
79996109795
79996109829
79996109854
79996109910
79996109911
79996109996
79996110006
79996110034
79996110046
79996110050
79996110050
79996110051
79996110051
79996110070
79996110092
79996110096
79996110102
79996110162
79996110163
79996110176
79996110197
79996110213
79996110241
79996110241
79996110267
79996110267
79996110274
79996110274
79996110317
79996110358
79996110372
79996110376
79996110413
79996110423
79996110445
79996110504
79996110508
79996110536
79996110542
79996110543
79996110546
79996110546
79996110560
79996110577
79996110582
79996110593
79996110643
79996110643
79996110691
79996110692
79996110702
79996110704
79996110801
79996110818
79996110831
79996110857
79996110869
79996110897
79996110897
79996110919
79996110919
79996110986
79996110991
79996111010
79996111010
79996111080
79996111202
79996111337
79996111447
79996111606
79996111613
79996111678
79996111717
79996112027
79996112030
79996112055
79996112057
79996112100
79996112106
79996112134
79996112140
79996112173
79996112174
79996112196
79996112276
79996112300
79996112320
79996112322
79996112338
79996112341
79996112341
79996112347
79996112352
79996112371
79996112383
79996112395
79996112396
79996112421
79996112423
79996112423
79996112424
79996112424
79996112438
79996112462
79996112510
79996112518
79996112527
79996112580
79996112615
79996112636
79996112640
79996112660
79996112665
79996112672
79996112678
79996112691
79996112697
79996112727
79996112727
79996112743
79996112752
79996112757
79996112762
79996112786
79996112791
79996112791
79996112797
79996112801
79996112837
79996112883
79996112900
79996112943
79996113005
79996113005
79996113014
79996113014
79996113029
79996113052
79996113134
79996113134
79996113134
79996113141
79996113155
79996113172
79996113172
79996113177
79996113192
79996113218
79996113239
79996113266
79996113285
79996113350
79996113353
79996113365
79996113375
79996113378
79996113380
79996113387
79996113402
79996113406
79996113423
79996113423
79996113435
79996113438
79996113438
79996113550
79996113561
79996113565
79996113577
79996113594
79996113620
79996113628
79996113645
79996113660
79996113668
79996113680
79996113714
79996113719
79996113738
79996113746
79996113746
79996113758
79996113771
79996113780
79996113828
79996113871
79996113875
79996113900
79996113900
79996113931
79996113943
79996113946
79996113963
79996113980
79996114022
79996114042
79996114042
79996114070
79996114122
79996114133
79996114144
79996114177
79996114213
79996114227
79996114240
79996114256
79996114256
79996114308
79996114337
79996114349
79996114375
79996114375
79996114427
79996114439
79996114460
79996114546
79996114581
79996114586
79996114586
79996114589
79996114700
79996114845
79996114887
79996114893
79996114917
79996114917
79996114981
79996114989
79996114989
79996115017
79996115031
79996115119
79996115136
79996115144
79996115216
79996115216
79996115219
79996115220
79996115227
79996115254
79996115318
79996115335
79996115341
79996115365
79996115397
79996115404
79996115405
79996115438
79996115446
79996115453
79996115473
79996115483
79996115484
79996115494
79996115509
79996115525
79996115556
79996115570
79996115615
79996115619
79996115644
79996115695
79996115800
79996115818
79996115819
79996115840
79996115868
79996115888
79996115905
79996115905
79996115939
79996115939
79996115956
79996115960
79996115961
79996115988
79996115995
79996116065
79996116100
79996116100
79996116127
79996116133
79996116137
79996116180
79996116185
79996116195
79996116195
79996116195
79996116219
79996116264
79996116267
79996116267
79996116287
79996116290
79996116351
79996116386
79996116390
79996116390
79996116392
79996116458
79996116550
79996116551
79996116554
79996116568
79996116603
79996116625
79996116641
79996116641
79996116649
79996116673
79996116690
79996116721
79996116750
79996116769
79996116815
79996116815
79996116828
79996116886
79996116888
79996116888
79996116941
79996116961
79996116969
79996116969
79996116972
79996116999
79996117015
79996117015
79996117034
79996117071
79996117087
79996117125
79996117161
79996117178
79996117280
79996117293
79996117296
79996117327
79996117379
79996117380
79996117382
79996117392
79996117406
79996117413
79996117421
79996117503
79996117544
79996117551
79996117575
79996117616
79996117644
79996117686
79996117692
79996117769
79996117784
79996117828
79996117854
79996117857
79996117878
79996117878
79996117881
79996117972
79996117975
79996118005
79996118030
79996118033
79996118044
79996118074
79996118126
79996118152
79996118168
79996118188
79996118207
79996118259
79996118267
79996118315
79996118387
79996118419
79996118440
79996118443
79996118443
79996118447
79996118482
79996118501
79996118501
79996118506
79996118538
79996118576
79996118612
79996118642
79996118643
79996118672
79996118717
79996118741
79996118743
79996118776
79996118797
79996118817
79996118843
79996118870
79996118879
79996118931
79996118950
79996119058
79996119081
79996119091
79996119091
79996119129
79996119202
79996119300
79996119337
79996119392
79996119392
79996119443
79996119448
79996119474
79996119494
79996119496
79996119513
79996119605
79996119616
79996119619
79996119630
79996119662
79996119735
79996119735
79996119773
79996119797
79996119799
79996119831
79996119851
79996120004
79996120004
79996120013
79996120046
79996120062
79996120068
79996120092
79996120110
79996120116
79996120128
79996120141
79996120177
79996120181
79996120219
79996120227
79996120363
79996120410
79996120420
79996120483
79996120566
79996120589
79996120616
79996120635
79996120646
79996120653
79996120658
79996120675
79996120713
79996120731
79996120738
79996120760
79996120785
79996120790
79996120818
79996120852
79996120856
79996120856
79996120874
79996120875
79996120893
79996120907
79996120929
79996120929
79996120995
79996121019
79996121050
79996121053
79996121057
79996121106
79996121115
79996121156
79996121222
79996121222
79996121241
79996121263
79996121266
79996121273
79996121375
79996121375
79996121379
79996121390
79996121488
79996121488
79996121506
79996121516
79996121576
79996121589
79996121621
79996121638
79996121650
79996121740
79996121741
79996121771
79996121778
79996121793
79996121815
79996121831
79996121855
79996121887
79996121887
79996121933
79996121952
79996121952
79996121985
79996121998
79996121998
79996122016
79996122021
79996122030
79996122040
79996122056
79996122056
79996122057
79996122077
79996122078
79996122080
79996122096
79996122102
79996122134
79996122144
79996122176
79996122183
79996122184
79996122212
79996122308
79996122311
79996122334
79996122345
79996122359
79996122359
79996122362
79996122371
79996122377
79996122396
79996122402
79996122404
79996122477
79996122477
79996122479
79996122486
79996122492
79996122518
79996122519
79996122540
79996122540
79996122552
79996122574
79996122578
79996122595
79996122613
79996122613
79996122627
79996122643
79996122679
79996122683
79996122692
79996122726
79996122747
79996122752
79996122786
79996122790
79996122793
79996122823
79996122833
79996122842
79996122855
79996122861
79996122870
79996122880
79996122897
79996122901
79996122904
79996122915
79996122959
79996122974
79996122982
79996122985
79996123011
79996123012
79996123020
79996123045
79996123064
79996123067
79996123070
79996123084
79996123088
79996123089
79996123101
79996123102
79996123115
79996123115
79996123116
79996123133
79996123153
79996123153
79996123161
79996123196
79996123200
79996123246
79996123250
79996123260
79996123272
79996123288
79996123292
79996123292
79996123298
79996123301
79996123307
79996123324
79996123329
79996123349
79996123358
79996123363
79996123385
79996123411
79996123413
79996123435
79996123435
79996123455
79996123456
79996123460
79996123463
79996123464
79996123475
79996123486
79996123496
79996123498
79996123516
79996123519
79996123519
79996123527
79996123545
79996123549
79996123552
79996123558
79996123561
79996123592
79996123605
79996123615
79996123636
79996123648
79996123653
79996123654
79996123654
79996123675
79996123677
79996123680
79996123690
79996123690
79996123708
79996123711
79996123712
79996123717
79996123725
79996123736
79996123745
79996123747
79996123753
79996123757
79996123762
79996123767
79996123802
79996123818
79996123818
79996123827
79996123829
79996123850
79996123856
79996123864
79996123864
79996123885
79996123901
79996123913
79996123931
79996123933
79996123945
79996123990
79996124005
79996124005
79996124039
79996124040
79996124040
79996124045
79996124051
79996124074
79996124082
79996124114
79996124114
79996124116
79996124135
79996124147
79996124160
79996124174
79996124189
79996124215
79996124215
79996124219
79996124243
79996124292
79996124312
79996124312
79996124342
79996124353
79996124379
79996124384
79996124402
79996124415
79996124424
79996124456
79996124478
79996124497
79996124504
79996124506
79996124514
79996124516
79996124530
79996124539
79996124572
79996124586
79996124588
79996124589
79996124602
79996124604
79996124604
79996124611
79996124615
79996124622
79996124644
79996124645
79996124648
79996124656
79996124681
79996124694
79996124711
79996124727
79996124749
79996124763
79996124772
79996124801
79996124805
79996124810
79996124833
79996124844
79996124863
79996124864
79996124871
79996124908
79996124933
79996124933
79996124950
79996124950
79996124954
79996124954
79996124973
79996124988
79996125012
79996125015
79996125020
79996125038
79996125039
79996125083
79996125088
79996125100
79996125106
79996125115
79996125120
79996125131
79996125140
79996125144
79996125184
79996125184
79996125214
79996125220
79996125223
79996125223
79996125254
79996125254
79996125273
79996125295
79996125313
79996125320
79996125327
79996125327
79996125343
79996125348
79996125380
79996125389
79996125391
79996125393
79996125418
79996125442
79996125442
79996125447
79996125449
79996125456
79996125477
79996125490
79996125494
79996125510
79996125514
79996125522
79996125522
79996125526
79996125534
79996125547
79996125547
79996125561
79996125561
79996125598
79996125623
79996125626
79996125633
79996125642
79996125648
79996125667
79996125667
79996125669
79996125677
79996125682
79996125717
79996125718
79996125718
79996125745
79996125752
79996125787
79996125800
79996125814
79996125834
79996125844
79996125847
79996125851
79996125858
79996125890
79996125905
79996125917
79996125950
79996125969
79996125987
79996125990
79996126005
79996126007
79996126026
79996126026
79996126032
79996126047
79996126061
79996126068
79996126088
79996126104
79996126105
79996126146
79996126170
79996126183
79996126193
79996126194
79996126200
79996126200
79996126206
79996126215
79996126223
79996126260
79996126265
79996126265
79996126267
79996126277
79996126294
79996126300
79996126300
79996126312
79996126331
79996126343
79996126343
79996126345
79996126352
79996126374
79996126402
79996126428
79996126542
79996126544
79996126565
79996126566
79996126588
79996126608
79996126610
79996126617
79996126633
79996126645
79996126682
79996126713
79996126732
79996126733
79996126734
79996126756
79996126772
79996126793
79996126794
79996126802
79996126814
79996126823
79996126826
79996126833
79996126833
79996126841
79996126863
79996126887
79996126889
79996126891
79996126891
79996126906
79996126924
79996126928
79996126939
79996126943
79996126985
79996126986
79996126997
79996126998
79996127001
79996127007
79996127020
79996127032
79996127068
79996127074
79996127077
79996127077
79996127108
79996127138
79996127143
79996127152
79996127185
79996127200
79996127215
79996127215
79996127219
79996127221
79996127228
79996127235
79996127251
79996127254
79996127289
79996127302
79996127317
79996127337
79996127345
79996127359
79996127371
79996127372
79996127374
79996127393
79996127398
79996127408
79996127431
79996127443
79996127459
79996127460
79996127463
79996127464
79996127467
79996127478
79996127484
79996127515
79996127573
79996127580
79996127606
79996127614
79996127638
79996127671
79996127685
79996127692
79996127715
79996127726
79996127737
79996127750
79996127750
79996127768
79996127777
79996127859
79996127879
79996127889
79996127894
79996127906
79996127907
79996127916
79996127918
79996127940
79996127943
79996127973
79996127973
79996127976
79996127987
79996128025
79996128059
79996128060
79996128065
79996128070
79996128070
79996128070
79996128071
79996128081
79996128095
79996128127
79996128133
79996128180
79996128182
79996128195
79996128231
79996128234
79996128234
79996128253
79996128273
79996128276
79996128278
79996128285
79996128300
79996128301
79996128307
79996128317
79996128340
79996128344
79996128345
79996128347
79996128355
79996128363
79996128367
79996128373
79996128375
79996128404
79996128432
79996128440
79996128477
79996128490
79996128490
79996128506
79996128513
79996128513
79996128524
79996128530
79996128556
79996128576
79996128576
79996128586
79996128610
79996128632
79996128645
79996128646
79996128646
79996128647
79996128652
79996128661
79996128681
79996128703
79996128732
79996128732
79996128745
79996128758
79996128758
79996128766
79996128816
79996128822
79996128822
79996128827
79996128841
79996128858
79996128869
79996128876
79996128888
79996128888
79996128901
79996128912
79996128912
79996128919
79996128919
79996128939
79996129000
79996129000
79996129005
79996129023
79996129025
79996129040
79996129041
79996129048
79996129064
79996129092
79996129126
79996129151
79996129165
79996129168
79996129175
79996129175
79996129185
79996129188
79996129197
79996129198
79996129209
79996129214
79996129214
79996129220
79996129225
79996129225
79996129250
79996129267
79996129283
79996129321
79996129353
79996129363
79996129373
79996129401
79996129412
79996129437
79996129437
79996129442
79996129450
79996129459
79996129470
79996129470
79996129475
79996129513
79996129515
79996129546
79996129564
79996129571
79996129571
79996129572
79996129572
79996129594
79996129620
79996129628
79996129631
79996129636
79996129644
79996129647
79996129668
79996129668
79996129671
79996129694
79996129721
79996129782
79996129789
79996129812
79996129838
79996129861
79996129875
79996129877
79996129885
79996129889
79996129908
79996129909
79996129910
79996129969
79996129969
79996129979
79996129989
79996130001
79996130022
79996130027
79996130039
79996130050
79996130052
79996130055
79996130055
79996130063
79996130080
79996130081
79996130109
79996130122
79996130126
79996130142
79996130148
79996130148
79996130176
79996130180
79996130194
79996130218
79996130218
79996130224
79996130228
79996130237
79996130244
79996130249
79996130258
79996130288
79996130309
79996130312
79996130315
79996130321
79996130328
79996130331
79996130334
79996130334
79996130335
79996130355
79996130363
79996130373
79996130373
79996130394
79996130397
79996130400
79996130400
79996130402
79996130403
79996130412
79996130421
79996130422
79996130428
79996130455
79996130455
79996130461
79996130479
79996130481
79996130483
79996130492
79996130500
79996130536
79996130536
79996130544
79996130560
79996130594
79996130595
79996130605
79996130606
79996130612
79996130633
79996130652
79996130658
79996130662
79996130662
79996130663
79996130668
79996130674
79996130683
79996130688
79996130704
79996130708
79996130714
79996130716
79996130740
79996130740
79996130744
79996130765
79996130802
79996130858
79996130877
79996130902
79996130908
79996130944
79996130956
79996130959
79996130965
79996130967
79996131002
79996131007
79996131027
79996131042
79996131044
79996131058
79996131058
79996131087
79996131109
79996131130
79996131132
79996131138
79996131143
79996131164
79996131217
79996131229
79996131247
79996131280
79996131298
79996131301
79996131303
79996131324
79996131333
79996131392
79996131401
79996131416
79996131424
79996131430
79996131461
79996131461
79996131467
79996131471
79996131474
79996131477
79996131493
79996131493
79996131522
79996131539
79996131558
79996131579
79996131587
79996131589
79996131600
79996131622
79996131627
79996131641
79996131665
79996131704
79996131725
79996131736
79996131736
79996131748
79996131767
79996131778
79996131785
79996131813
79996131816
79996131816
79996131819
79996131833
79996131853
79996131853
79996131857
79996131876
79996131900
79996131900
79996131903
79996131904
79996131944
79996131977
79996131977
79996131977
79996131985
79996131986
79996131988
79996131994
79996131999
79996132007
79996132025
79996132033
79996132040
79996132050
79996132050
79996132069
79996132073
79996132095
79996132100
79996132119
79996132125
79996132125
79996132126
79996132140
79996132175
79996132177
79996132177
79996132189
79996132195
79996132195
79996132218
79996132276
79996132294
79996132301
79996132330
79996132335
79996132346
79996132350
79996132353
79996132375
79996132422
79996132426
79996132431
79996132467
79996132467
79996132496
79996132496
79996132496
79996132502
79996132511
79996132522
79996132533
79996132533
79996132535
79996132546
79996132547
79996132562
79996132565
79996132577
79996132606
79996132607
79996132610
79996132635
79996132646
79996132649
79996132666
79996132666
79996132673
79996132679
79996132688
79996132688
79996132721
79996132730
79996132731
79996132736
79996132737
79996132749
79996132768
79996132773
79996132780
79996132800
79996132800
79996132824
79996132830
79996132831
79996132832
79996132873
79996132875
79996132876
79996132896
79996132905
79996132907
79996132916
79996132917
79996132941
79996132947
79996132958
79996132964
79996132982
79996133006
79996133019
79996133042
79996133054
79996133074
79996133086
79996133091
79996133095
79996133102
79996133110
79996133116
79996133119
79996133135
79996133140
79996133157
79996133158
79996133206
79996133220
79996133221
79996133225
79996133236
79996133266
79996133276
79996133276
79996133280
79996133289
79996133313
79996133334
79996133407
79996133413
79996133428
79996133442
79996133450
79996133478
79996133512
79996133516
79996133531
79996133568
79996133574
79996133575
79996133588
79996133634
79996133637
79996133655
79996133657
79996133698
79996133700
79996133700
79996133702
79996133702
79996133707
79996133729
79996133732
79996133743
79996133771
79996133789
79996133817
79996133817
79996133826
79996133826
79996133829
79996133834
79996133840
79996133843
79996133846
79996133871
79996133880
79996133898
79996133901
79996133933
79996133935
79996133947
79996133947
79996133947
79996133964
79996133969
79996133987
79996134007
79996134009
79996134009
79996134013
79996134016
79996134033
79996134064
79996134069
79996134078
79996134128
79996134172
79996134173
79996134178
79996134183
79996134203
79996134213
79996134217
79996134266
79996134272
79996134277
79996134291
79996134298
79996134317
79996134318
79996134329
79996134330
79996134353
79996134353
79996134362
79996134407
79996134427
79996134469
79996134479
79996134480
79996134493
79996134515
79996134516
79996134517
79996134526
79996134600
79996134665
79996134686
79996134691
79996134702
79996134702
79996134725
79996134755
79996134757
79996134814
79996134815
79996134838
79996134848
79996134852
79996134855
79996134857
79996134862
79996134868
79996134868
79996134875
79996134876
79996134891
79996134901
79996134916
79996134921
79996134921
79996134925
79996134942
79996134946
79996134962
79996134991
79996134992
79996135002
79996135062
79996135065
79996135080
79996135106
79996135109
79996135144
79996135161
79996135161
79996135177
79996135182
79996135183
79996135184
79996135185
79996135201
79996135242
79996135266
79996135268
79996135277
79996135280
79996135284
79996135305
79996135337
79996135338
79996135352
79996135359
79996135359
79996135359
79996135360
79996135414
79996135418
79996135452
79996135452
79996135474
79996135492
79996135522
79996135525
79996135530
79996135530
79996135532
79996135561
79996135569
79996135569
79996135588
79996135593
79996135595
79996135603
79996135643
79996135645
79996135695
79996135700
79996135700
79996135701
79996135701
79996135717
79996135721
79996135765
79996135766
79996135778
79996135798
79996135822
79996135841
79996135871
79996135910
79996135949
79996135949
79996136016
79996136032
79996136078
79996136116
79996136119
79996136127
79996136131
79996136131
79996136132
79996136154
79996136163
79996136189
79996136194
79996136204
79996136219
79996136221
79996136225
79996136238
79996136272
79996136278
79996136285
79996136292
79996136307
79996136326
79996136332
79996136343
79996136350
79996136350
79996136353
79996136361
79996136382
79996136384
79996136384
79996136423
79996136450
79996136468
79996136484
79996136484
79996136490
79996136495
79996136500
79996136502
79996136511
79996136520
79996136540
79996136546
79996136568
79996136575
79996136581
79996136581
79996136587
79996136591
79996136596
79996136603
79996136613
79996136623
79996136623
79996136653
79996136655
79996136658
79996136658
79996136683
79996136688
79996136688
79996136709
79996136720
79996136722
79996136757
79996136808
79996136808
79996136817
79996136833
79996136839
79996136858
79996136861
79996136862
79996136867
79996136869
79996136872
79996136891
79996136902
79996136902
79996136903
79996136921
79996136950
79996136950
79996136959
79996136975
79996137015
79996137025
79996137034
79996137051
79996137059
79996137091
79996137100
79996137113
79996137115
79996137127
79996137142
79996137223
79996137234
79996137236
79996137239
79996137243
79996137247
79996137248
79996137250
79996137258
79996137264
79996137306
79996137317
79996137324
79996137327
79996137327
79996137373
79996137393
79996137408
79996137415
79996137420
79996137436
79996137436
79996137436
79996137438
79996137440
79996137453
79996137455
79996137458
79996137460
79996137488
79996137502
79996137507
79996137519
79996137545
79996137546
79996137567
79996137570
79996137590
79996137649
79996137650
79996137650
79996137671
79996137690
79996137727
79996137736
79996137736
79996137758
79996137761
79996137768
79996137768
79996137769
79996137790
79996137817
79996137817
79996137845
79996137846
79996137855
79996137856
79996137879
79996137883
79996137915
79996137915
79996137916
79996137935
79996137943
79996137944
79996137970
79996137978
79996137988
79996138008
79996138041
79996138041
79996138122
79996138160
79996138175
79996138203
79996138211
79996138300
79996138300
79996138300
79996138304
79996138357
79996138367
79996138393
79996138410
79996138412
79996138442
79996138444
79996138512
79996138556
79996138588
79996138613
79996138708
79996138720
79996138733
79996138769
79996138828
79996138850
79996138856
79996138875
79996138878
79996138896
79996138928
79996139115
79996139118
79996139169
79996139189
79996139193
79996139272
79996139298
79996139300
79996139317
79996139341
79996139405
79996139420
79996139420
79996139432
79996139507
79996139573
79996139574
79996139603
79996139605
79996139605
79996139627
79996139631
79996139631
79996139633
79996139638
79996139659
79996139678
79996139740
79996139747
79996139781
79996139786
79996139818
79996139841
79996139858
79996139865
79996139879
79996139949
79996139959
79996139959
79996139966
79996139997
79996140000
79996140003
79996140009
79996140023
79996140024
79996140028
79996140039
79996140049
79996140059
79996140063
79996140116
79996140155
79996140229
79996140234
79996140240
79996140291
79996140309
79996140341
79996140410
79996140418
79996140421
79996140421
79996140423
79996140426
79996140430
79996140459
79996140459
79996140463
79996140465
79996140469
79996140538
79996140661
79996140665
79996140691
79996140772
79996140790
79996140793
79996140797
79996140805
79996140806
79996140843
79996140869
79996140888
79996140959
79996140959
79996140989
79996141082
79996141097
79996141202
79996141257
79996141257
79996141280
79996141283
79996141345
79996141376
79996141379
79996141446
79996141460
79996141505
79996141507
79996141508
79996141548
79996141571
79996141587
79996141592
79996141625
79996141646
79996141654
79996141655
79996141672
79996141675
79996141698
79996141728
79996141742
79996141747
79996141789
79996141791
79996141797
79996141853
79996141869
79996141890
79996141897
79996141904
79996141907
79996141909
79996141933
79996141937
79996141939
79996141956
79996141963
79996142045
79996142100
79996142139
79996142142
79996142158
79996142171
79996142241
79996142323
79996142325
79996142438
79996142597
79996142643
79996142646
79996142647
79996142647
79996142751
79996142781
79996142800
79996142800
79996142855
79996142864
79996142907
79996142934
79996142942
79996142949
79996142969
79996142988
79996142989
79996142998
79996143009
79996143020
79996143031
79996143040
79996143064
79996143069
79996143114
79996143130
79996143145
79996143170
79996143205
79996143302
79996143313
79996143315
79996143329
79996143346
79996143346
79996143356
79996143375
79996143389
79996143391
79996143411
79996143425
79996143451
79996143467
79996143488
79996143536
79996143596
79996143636
79996143636
79996143636
79996143639
79996143646
79996143669
79996143673
79996143696
79996143700
79996143727
79996143733
79996143808
79996143812
79996143855
79996143872
79996143912
79996143912
79996143947
79996143966
79996143998
79996143998
79996144001
79996144007
79996144007
79996144014
79996144079
79996144118
79996144132
79996144160
79996144160
79996144219
79996144246
79996144280
79996144293
79996144305
79996144312
79996144313
79996144322
79996144384
79996144384
79996144390
79996144390
79996144455
79996144455
79996144582
79996144619
79996144620
79996144625
79996144625
79996144645
79996144676
79996144728
79996144742
79996144757
79996144791
79996144879
79996144898
79996144904
79996144941
79996144952
79996144997
79996145054
79996145060
79996145064
79996145064
79996145105
79996145105
79996145115
79996145116
79996145120
79996145242
79996145269
79996145318
79996145348
79996145354
79996145412
79996145423
79996145465
79996145495
79996145555
79996145604
79996145611
79996145677
79996145677
79996145770
79996145798
79996145859
79996145887
79996145889
79996145890
79996145919
79996145920
79996145955
79996145998
79996146014
79996146056
79996146074
79996146104
79996146124
79996146131
79996146170
79996146176
79996146216
79996146248
79996146286
79996146393
79996146402
79996146402
79996146431
79996146524
79996146530
79996146548
79996146670
79996146680
79996146759
79996146767
79996146770
79996146795
79996146810
79996146821
79996146877
79996146901
79996146909
79996147004
79996147004
79996147004
79996147005
79996147043
79996147066
79996147090
79996147131
79996147161
79996147249
79996147268
79996147289
79996147289
79996147316
79996147321
79996147332
79996147348
79996147403
79996147403
79996147414
79996147440
79996147478
79996147533
79996147546
79996147553
79996147553
79996147556
79996147638
79996147648
79996147676
79996147677
79996147749
79996147823
79996147830
79996147856
79996147864
79996147922
79996147927
79996147988
79996147992
79996148012
79996148087
79996148101
79996148126
79996148127
79996148170