79039920541
79533702265
79094531030
79051096999
79025658897
79037667769
79605681477
79629549939
79262260944
79122666219
79267010110
79539109457
79047673610
79895330836
79653912880
79859507378
79609919081
79675130429
79111123944
79629549939
79253298920
79780081978
79227255231
79013142065
79773585424
79581493535
79163104069
79268559230
79158117197
79529542932
79040762686
79647165146
79109163241
79612494408
79195939365
79641404021
89159953538
79892105584
79858137160
79529542932
89289674619
79892469618
79050855115
79529189002
79166072714
79653912880
79850031084
79219455999
79117229793
79529189002
79527271752
79859203850
79778072255
79254084270
79013743893
79254802454
79856820796
79157707656
79255550252
79164028481
79065131276
79187873734
79524102772
79803448353
79119197087
79263947759
79612494408
79135331420
79032003012
79687100098
79062388599
79164379971
79037419902
79100395314
79017560288
79660962839
79267905470
79381337232
79502275205
79268659097
79099590026
79262651994
79151953161
79065929505
79604667773
79151953161
79264404648
79523971843
79261259409
79038342244
79276499159
79654172100
79779366334
79268659097
79149678391
79803448353
79037954520
79082824774
79896124746
79268559230
79106903316
79772998066
79166239996
79109163241
79184692483
79064409289
79151953161
79296660946
79158327602
79656085246
79531624197
79638739283
79213365545
79112970666
79217466046
79252631086
79102930303
79097980004
79033291446
79592600548
79030125577
79190257869
79262272334
79166714402
79173382558
79531694288
79284170777
79260220061
79870677770
79035774801
79037973069
79064567948
79013743893
79229106210
79304057018
79037702577
79265376996
79266333334
79999705485
79262260944
79522349037
79776677667
79296948676
79163575703
79999975651
79778161810
79038882930
79175335353
79219893239
79282817171
79811081717
79180447746
79622930921
79269192945
79037687803
79777714766
79163575703
79168755655
79859564571
79032474918
79952896655
79514901202
79095788164
79807041078
79612494408
79213365545
79114708499
79052702772
79166714402
79277453366
79265699426
79163270327
79892329796
79056377675
79262272334
79675130429
79207776320
79178312081
79515442902
79778331106
79268559230
79518204169
79266479501
79150914929
79263684853
79135573580
79265376996
79096852635
79013743893
79523825881
79785962793
79856820796
79247822126
79038882930
79896124746
79622983373
79287609495
79165640241
79217101902
79039606099
79127777777
79163104069
79081719031
79052848073
79255977789
79871371175
79055244950
79263904222
79256856799
79771836893
79262272334
79872458138
79107954127
79221482375
79037650567
79175281162
79161253563
79032474918
79179543549
79057215656
79282755555
77785560777
79111989296
79629114545
79773256473
79013743893
79517657624
79850031084
79091442416
79262272334
79250426242
79299282497
79527311478
79852007070
79503381395
79381337232
79836274243
79037337756
79166232192
79651412031
79199807666
79167958954
79081383670
79202606747
79166037069
79771714828
79785564808
79051060700
79262272334
79175688017
79175635461
79221705524
79888955857
79175635461
79036267736
79095788164
79857651552
79890889353
79268659097
79151953161
79771836893
79003037131
79805201663
79067038916
79057215656
79269420817
79052702772
79043851986
79271031808
79319762097
79106633621
79164322850
79018651001
79262450730
79186866515
79214207282
79090320033
79119022290
79888955857
79163575703
79011944413
79163104069
79032788593
79685151908
79850359977
79164028481
79044136772
79774860553
79214207282
79157655550
79255181214
79884712089
79064323449
79534190696
79217807616
79998360050
79046473788
79806437016
79778072255
79030125577
79065159666
79081719031
79859328429
79885599076
79539109457
79266817497
79156866793
79855350346
79255641432
79517098782
79778072255
79080478967
79858137160
79000529440
79628557823
79617760409
79518285872
79660670746
79160250266
79037971045
79037337756
79002724100
79207821445
79166714402
79104203776
79039920541
79883402340
79511513865
79190257869
79067936985
79085069260
79268559230
79852683777
79040115987
79180349478
79169735992
79610245915
79260371615
79920121677
79216334911
79152466734
79773807772
79896124746
79203609069
79207777241
79618598685
79067330272
79100898135
79067708117
79611471330
79990321283
79037419902
79003491450
79531694288
79199310686
79183996886
79933663978
79781172206
79023031028
79051919120
79262272334
79221482375
79020926294
79855808007
79044136772
79252070798
79998599305
79852184403
79268659097
79534190696
79215788152
79912618918
79166578317
79236569431
79024402280
79689119090
79184737814
79180885888
79189865893
79153573048
79262260944
79260371615
79276509170
79032474918
79219187838
79818152299
79203609069
79787464643
79037337756
79636609731
79255069001
79255199010
79057215656
79180218912
79203609069
79816879106
79106501678
79633365916
79685151908
79065159666
89268659097
79526135353
79082266424
79262260944
79189865893
79313354011
79316085318
79105711090
79778331106
79151953161
79653912880
79168016804
79004683686
79037337756
79033529893
79772659714
79877980775
79787464643
79774259209
79034727775
79062387051
79260371615
79190435679
79842940467
79268659097
79045113462
79134654090
79166578317
79153573048
79026433494
79850359977
79081137699
79167534797
79689119090
79215788152
79636609731
79872458138
79539109457
79898570775
79817814331
79263344772
79081719031
79057215656
79096852635
79065131276
79010341414
79788223249
79670514727
79896124746
79057215656
79037954520
79836274243
79175635461
79163859063
79806929962
79059222351
79026433494
79850070755
79787193846
79260301004
79282755555
79996469583
79219187838
79151953161
79645520313
79106803515
79296948676
79013743893
79918800015
79592600548
79151953161
79039761769
79161623766
79219245954
79262658857
79995376716
79806577090
79015239270
79057066838
79859644181
79266817497
79221482375
79186550032
79167958954
79268659097
79656085246
79117410191
79056500408
79771179655
79034010629
79040324888
79510747880
79184692483
79967888923
79173766333
79166714402
79117276418
79605867422
79653912880
79117591519
79266774368
79689119090
79262272334
79859328429
79883122292
79268659097
79153534420
79608684632
79381337232
79785577359
79057215656
79308525910
79035774801
79189629731
79057215656
79269641218
79138979311
79175406820
79527271752
79247799000
79169062618
79032302439
79688958967
79182139372
79617760409
79255077083
79062460219
79031577713
79050855115
79114881516
79524214620
79117545135
79515370070
79859644181
79040729924
79016969560
79912816354
79874341035
79617760409
79099590026
79885599076
79856169744
79262587498
79653732623
79202764309
79161481647
79262272334
79264342922
79379684769
79527271752
79281337232
79531694288
79153057588
79169222278
79036647355
79169222278
79092479600
79165036168
79265245399
79092480603
79528383115
79617760409
79533200781
79677655444
79157082140
79689119090
89016906525
79218703241
79251848067
79787464643
79099676046
79186550032
79161534585
79262272334
79152083290
79601040150
79032474918
79180349478
79381337232
79134654090
79778077701
79255641432
79636639750
79690007171
79166061593
79119369790
79265376996
79266774368
79011045800
79105178846
79175925196
79998599305
79857651552
79086766063
79518577179
79255069001
79219893239
79592004769
79284305461
89139877579
79303435770
79508001926
89066298281
79606062506
79265646917
79651382864
79277065976
79199310686
79165545659
89036706446
89037553621
79689119090
79859062245
79163245008
89388685957
79649441800
79164028481
79856302030
79057180503
89511513865
89067233514
79612494408
9150914929
89159953538
79850662213
79068060660
89147145669
79381588299
79778072255
79032474918
79265376996
79122229940
79633365916
79060906876
79857978423
79117591519
79263247350
79017916814
79064567948
79184875788
79878209999
79270650059
79182752274
89605069534
79778072255
79670767637
79024845336
79805289741
79166714402
79217811276
79182549997
79268659097
79066298281
79999033082
79051919120
79038882930
79500113936
79164379971
79109656935
79055555298
79651416375
79778331106
79500050928
79001882603
79031577713
79494352646
79189865893
79032474918
79500357247
79166751252
79895330836
79003491450
79610701418
79143274621
79186086929
79184492958
79951502390
79104754059
79255077083
79166578317
79184692483
79163575703
79254802454
79020434426
79186550032
79889758481
79998895677
79111920418
79051898570
79898247899
79307615877
79150914929
79265376996
79154088572
79773499383
79287609495
79262103700
79670514727
79267905470
79262208099
79213365545
79150914929
79270650059
79168541193
79221482375
79773388336
79251848067
79217807616
79104203776
79779867363
79175957627
79134654090
79150762019
79787425338
79166239996
79612708730
79689119090
79113619129
79109982222
79166714402
79038930904
79190257869
79025658897
79644466180
79219413013
79150914929
79284637424
79119529755
79284338247
79788526050
